header: 
  seq: 109
  stamp: 
    secs: 1462370922
    nsecs: 57145411
  frame_id: laser
angle_min: -1.56206965446
angle_max: 1.56206965446
angle_increment: 0.0174532923847
time_increment: 3.70370362361e-05
scan_time: 0.0133333336562
range_min: 0.0
range_max: 81.0
ranges: [3.169999837875366, 2.859999895095825, 2.799999952316284, 2.7200000286102295, 2.5999999046325684, 2.690000057220459, 2.9700000286102295, 0.2800000011920929, 0.25999999046325684, 3.069999933242798, 2.1399998664855957, 2.069999933242798, 2.069999933242798, 1.7999999523162842, 1.8700000047683716, 2.069999933242798, 2.069999933242798, 2.069999933242798, 2.069999933242798, 2.069999933242798, 2.059999942779541, 2.059999942779541, 2.069999933242798, 1.809999942779541, 1.75, 1.709999918937683, 1.649999976158142, 1.6200000047683716, 1.5799999237060547, 0.8399999737739563, 0.550000011920929, 0.6899999976158142, 0.6599999666213989, 0.6200000047683716, 0.5899999737739563, 0.5399999618530273, 0.5299999713897705, 0.4899999797344208, 0.4399999976158142, 0.32999998331069946, 0.32999998331069946, 0.32999998331069946, 0.41999998688697815, 0.4399999976158142, 0.429999977350235, 0.4399999976158142, 0.44999998807907104, 0.44999998807907104, 0.44999998807907104, 0.4599999785423279, 0.44999998807907104, 0.4699999988079071, 0.4699999988079071, 0.47999998927116394, 0.4699999988079071, 0.4899999797344208, 0.4899999797344208, 0.5, 0.5099999904632568, 0.5099999904632568, 0.5299999713897705, 0.5299999713897705, 0.5299999713897705, 0.550000011920929, 0.550000011920929, 0.5699999928474426, 0.5699999928474426, 0.5799999833106995, 0.5999999642372131, 0.5999999642372131, 0.6200000047683716, 0.6299999952316284, 0.6599999666213989, 0.6599999666213989, 0.6800000071525574, 0.7099999785423279, 0.7099999785423279, 0.75, 0.75, 0.7799999713897705, 0.7699999809265137, 0.7599999904632568, 0.7899999618530273, 2.9099998474121094, 2.879999876022339, 2.859999895095825, 2.859999895095825, 2.8399999141693115, 2.819999933242798, 2.809999942779541, 2.7899999618530273, 2.7799999713897705, 2.7200000286102295, 0.5699999928474426, 0.5699999928474426, 0.5699999928474426, 0.5699999928474426, 0.5600000023841858, 0.5699999928474426, 0.5600000023841858, 0.550000011920929, 0.550000011920929, 0.5399999618530273, 0.550000011920929, 0.550000011920929, 0.550000011920929, 0.5399999618530273, 0.5299999713897705, 0.5299999713897705, 0.5399999618530273, 0.5899999737739563, 2.859999895095825, 2.4700000286102295, 2.4700000286102295, 2.4700000286102295, 2.4800000190734863, 2.4800000190734863, 2.490000009536743, 0.41999998688697815, 2.5, 2.509999990463257, 2.509999990463257, 2.950000047683716, 2.9600000381469727, 2.9700000286102295, 2.4600000381469727, 2.369999885559082, 2.299999952316284, 2.3299999237060547, 2.3399999141693115, 2.369999885559082, 2.379999876022339, 2.419999837875366, 2.440000057220459, 2.450000047683716, 2.4800000190734863, 2.950000047683716, 2.929999828338623, 2.93999981880188, 2.9700000286102295, 3.0, 3.3999998569488525, 3.419999837875366, 3.4600000381469727, 3.490000009536743, 3.4499998092651367, 3.429999828338623, 3.4499998092651367, 3.4099998474121094, 3.369999885559082, 11.429999351501465, 11.59000015258789, 11.75, 11.929999351501465, 12.119999885559082, 12.329999923706055, 12.4399995803833, 12.25999927520752, 12.069999694824219, 11.899999618530273, 11.739999771118164, 11.59000015258789, 11.449999809265137, 11.300000190734863, 11.179999351501465, 11.050000190734863, 1.6899999380111694, 1.6799999475479126, 1.399999976158142, 1.3199999332427979, 1.3299999237060547, 5.690000057220459, 1.9900000095367432, 5.599999904632568, 5.559999942779541, 1.4399999380111694, 81.8699951171875, 1.9299999475479126, 1.909999966621399, 1.909999966621399]
intensities: []

180 rays
